(((-0.27081752 2.6764278 1.0108119 -6.4503465 -2.9647007 -3.1388333 3.19199
   1.3153747 -1.2247525 -2.5544577 -5.459072 -3.138747 1.6510991 0.86549395
   -3.0035245 2.833364 -2.3672738 3.317366 0.9509151 -1.65769 -2.2787182
   0.74519145 -0.47964904 -4.9324164 2.022986 2.4270148 -3.1904445 -2.2549815
   2.0736382 -3.1244154 2.4099116 -0.9904838 -0.6522809 1.431331 -0.84413606
   2.7262492 1.9143637 -1.6949003 -2.8933337 5.0970044 -3.6373343 1.3447299
   -1.7211268 -1.5765573 -0.5998719 -2.5411882 -1.5088569 -3.257146 -4.317674
   3.8300629 -1.9837657 -1.2024496 -0.71228415 -0.36143592 1.3315263
   -0.015317508 0.54375964 -1.1934205 -1.2333573 -0.757028 3.7804773)
  (-0.01674198 -1.1179879 -0.94784 2.3711393 0.4934249 1.6717795 -0.70752084
   0.37023303 0.5660669 0.8215987 1.5462184 1.2194473 -1.4096386 -0.57292736
   0.33907825 -2.9841707 -0.94958174 -2.2222753 -0.8071951 0.5766915 1.1255778
   -0.051147986 1.2978351 3.1019394 -1.9849641 -2.1658578 -0.3762424 0.09962755
   -0.63005275 1.439461 -0.66526026 2.088439 1.2259772 -0.24360758 0.5079099
   -2.2025154 -1.8887717 2.3323622 3.2533686 -1.2091936 2.049727 -0.20739307
   1.8391992 1.5795506 1.0259354 1.5305434 0.8252934 1.4254218 1.5180994
   -2.0360956 0.76279545 0.3985201 0.85528773 0.24564105 -0.15529492
   -0.15184836 -0.50598896 0.22651465 0.7616592 0.42315328 -1.8110842)
  (-0.27387047 -0.25183538 0.6187041 -0.78386253 0.29097605 0.060235925
   0.43979147 0.34178668 0.4353955 -0.39663228 0.35734472 -0.10112634
   0.38255346 -0.21651983 -0.5651328 0.12141372 -0.16720109 0.24106567
   0.36076626 0.13248755 -0.18484311 0.20662647 0.2819068 0.24312277
   -0.10677423 0.5071477 -0.1940606 0.046458058 0.6086196 -0.41669706 0.1653869
   -0.25579745 -0.10475692 0.30046824 0.19682638 0.0013567292 -0.11535623
   -0.34738848 -0.35536915 0.5142185 -0.20428117 0.5018635 0.3674576 0.606494
   0.04945858 0.502449 0.22966307 -0.16618168 -0.114333935 0.15671282
   0.0045135566 0.02909415 -0.27533317 0.33701825 -0.018376226 -0.13095629
   -0.112522334 -0.41951582 0.047576476 -0.09936172 0.030512718)
  (-0.24882615 -1.3700143 -0.8855479 3.52121 1.8479463 2.1327667 -1.4759295
   -0.6465565 1.1240575 1.76512 3.599844 1.9713652 -0.43713287 0.41862798
   1.937963 -0.99848163 3.7926407 -0.25294438 1.1326206 1.8859417 1.1880051
   -1.6865836 -1.7944036 1.2696627 -0.86618286 -0.648062 3.168572 2.294797
   0.62156093 2.0694222 -1.9555712 -0.6713617 -0.033322193 0.061918266
   1.5102602 -1.3820124 -0.8845186 -0.08231271 0.10557657 -4.704735 0.67063224
   -2.6064816 -0.5535664 -0.45902458 -0.8155967 0.4280319 0.77145934 2.6271482
   1.7261162 -1.9962395 1.0072818 0.39042625 0.4274644 0.4442824 -0.2279593
   -0.31291595 -0.17361626 1.0558691 0.5284161 0.3012995 -2.9470778)
  (-0.8023352 2.1145277 0.88950986 -6.2132263 -3.7026703 -3.6748884 2.1396112
   2.3395603 -0.7945731 -3.2111611 -5.1439342 -3.0800471 2.0246396 1.855791
   -0.37034148 3.9990716 -1.1986568 2.9132495 3.0002341 2.0042381 1.5179862
   1.926569 0.78584576 -3.1261282 1.3415195 -0.71948385 -6.7990108 -5.798594
   -1.2523631 -4.00792 0.33279407 -1.7029115 0.8969949 3.5820396 0.24324329
   3.0525393 0.6008655 -1.7014129 -1.991498 4.8283467 -3.2176905 2.5402102
   -0.69551575 -0.64296085 -1.8375434 -3.021544 -2.0938525 -3.6504784 -4.082049
   3.2297788 -2.0122006 -1.282757 -0.20879051 -0.01639685 0.97076035 0.16325565
   0.077122636 -0.7724933 -1.2308986 -1.2752995 3.918843)
  (-0.10828446 -2.294513 -0.91575 4.881276 1.8622802 2.2887943 -1.9420648
   0.13804328 1.3919312 3.2730954 4.08594 1.3294581 -2.0025883 -1.7960079
   0.0650258 -4.501837 -1.9911151 -4.0444555 -2.0163248 1.7873453 2.2265358
   1.0674766 2.2931385 3.5209808 -2.7932594 -3.434935 0.3559234 0.2853706
   -3.0819838 -0.22987133 -2.2842379 2.9725296 2.5483925 -1.2032979 0.22872569
   -3.6293705 -1.8189135 3.8068132 4.354724 -1.5833554 3.1045866 1.0431682
   3.962288 2.512773 2.6319604 2.8644457 1.0382103 2.9194217 2.7951877
   -2.5304625 2.0060823 1.4617974 0.49720278 0.6173588 -0.5017599 0.07823205
   0.37977973 1.4045596 1.527641 0.70001256 -1.6349741)
  (0.2359313 -1.1770651 -0.22718178 3.0081034 1.3744481 1.8840467 -1.4578063
   -0.6350279 -0.17146178 0.9385473 2.5909061 1.2422322 -0.10768371 -0.4479193
   1.3080516 -1.0177922 1.9652065 -0.5500983 0.8780715 1.1763983 0.25154373
   -0.6662396 -0.19938992 1.7099366 -0.97426254 -0.74557716 1.550093 1.1999643
   -0.2909908 2.5410175 -1.5884019 -0.9178954 -0.1769554 -0.7554466 0.8369079
   -1.5418364 -1.0836163 -0.3448776 0.1351994 -3.246339 1.6111197 -1.3168308
   0.034011416 -0.45991233 0.46685037 0.8877764 0.07225247 1.1713663 1.3542793
   -1.4317415 0.62456834 1.0280807 0.65886515 -0.307211 -0.5779914 0.019647412
   0.2632751 0.25623134 0.83544064 0.1483188 -1.9451815)
  (-0.24289066 1.0617765 0.2970357 -1.1897988 -0.6713976 -0.7338018 0.48864424
   0.5420101 -0.30398253 -1.0506301 -1.7347335 -0.2621586 0.3501247 0.7565488
   -0.6027505 0.7774492 -0.6632727 1.1632144 0.751323 -0.38188508 -0.45990002
   0.74418104 0.7585697 -0.62944335 0.7107192 1.0625234 0.18373363 -0.45484474
   1.3569897 -0.12593785 1.288788 0.38598847 -0.0415648 0.8778389 0.020071235
   0.9568266 0.5602386 0.21556076 -0.18158467 1.3469352 -0.3884768 0.28075555
   -0.57505155 0.22015263 0.33758947 -0.3877015 -0.6331621 -1.2431293
   -0.80113244 0.98230565 -0.54179054 -0.5592556 -0.18185559 0.12066622
   0.41134846 -0.0779135 0.48007834 -0.7976454 -0.87993526 -0.26570088
   1.7206641)
  (0.89115787 -3.5968661 -1.6761726 9.353315 6.066378 6.0385175 -3.770025
   -3.2203183 2.7899544 3.597815 8.634229 5.5180926 -1.5495673 -2.3136747
   4.7408266 0.47860423 10.804035 0.4129767 1.0290834 2.0740807 -0.9486658
   -4.5594563 -3.7491996 4.917328 -0.18635494 -1.805762 4.572192 2.7999067
   -0.8481268 7.405723 -5.5807695 -4.534587 -1.18347 -0.002467038 2.667403
   -0.89661497 0.051200926 -0.20436826 0.019776475 -10.246444 3.409345
   -4.329522 -1.1425365 -0.06646825 0.67791665 1.6573539 2.4855237 5.727347
   5.7698455 -4.878223 2.1877387 2.2230308 0.48828286 0.42235243 -1.5037702
   -0.74263334 -0.42646956 1.2240366 2.2511237 1.6220427 -7.8935614)
  (0.13978146 -3.47823 -1.6905506 9.301332 3.4410346 3.5509214 -4.889719
   -1.0597515 1.5732094 4.6889753 8.264706 2.7937255 -4.451973 -3.3414972
   0.78474987 -7.6658854 -1.4568846 -5.9976206 -4.5060134 1.8568336 3.8351994
   2.5969527 6.7725596 8.259015 -6.200127 -7.608849 -0.61538833 -0.8802701
   -6.9962683 1.6010671 -1.9120604 6.542033 2.2921705 -6.556942 -1.3355027
   -7.7741966 -3.6419964 6.6584506 9.272312 -2.5369282 9.109533 1.3440925
   7.4485884 4.7054453 5.1589017 6.120873 3.7166114 4.4530697 5.9218836
   -4.9056897 3.073727 2.1787853 0.91570455 0.3533324 -1.7506573 -0.50537914
   -0.2658308 2.3913882 2.1003692 1.0800272 -5.030647)
  (-0.56562483 1.6719892 0.17499329 -4.031835 -1.9713156 -2.1188934 1.9315796
   0.8782319 -1.2778417 -2.4688916 -3.6729639 -2.380569 1.0319982 0.25352508
   -1.8145182 1.8605683 -1.819183 0.9770088 -0.05130767 -1.6651899 -1.3032912
   1.0046529 0.35712007 -1.9404969 1.8283802 2.3993897 -0.66292936 -0.92641515
   1.4133801 -1.1967173 2.5391407 -0.75189567 0.029615004 1.4105786
   -0.043680623 3.0550215 1.9763201 -0.82095885 -1.2053885 3.649822 -1.3989819
   0.6249058 -0.7225315 -0.8167405 -0.6294804 -1.4768314 -0.4414009 -2.0610116
   -2.647861 2.3882968 -0.81693536 -1.1245639 -0.059617233 -0.43249804
   0.5760146 0.2582306 -0.37122336 -0.78063834 -0.45585957 -0.14884846
   2.3919134)
  (-0.012197071 3.0781798 1.5189682 -8.122566 -2.672601 -3.9495146 3.1779382
   0.38522673 -3.2072282 -4.293234 -6.7289863 -2.8493283 2.533078 1.3808206
   -4.246169 2.5700243 -2.7214587 3.9157116 -0.2459933 -4.99019 -4.2901387
   -0.13783924 -2.0861661 -7.320014 3.260598 5.770969 0.85632485 1.6358927
   4.931257 -2.9828143 5.7808204 -1.5876732 -2.953724 0.5082213 -1.1138282
   5.578437 4.49964 -1.1215165 -3.3862455 7.1576753 -3.5640945 0.32265285
   -3.083277 -1.2449567 -0.938838 -2.3952131 -1.1154143 -3.737481 -5.1054893
   4.505014 -2.7851655 -1.3591286 -0.52869135 -0.061108373 1.5586383 0.44477308
   -0.37804562 -1.8958743 -1.7860663 -1.3565671 5.515631))
 ((-10.896759 7.1405034 -1.3886403 8.398043 -13.095238 8.994781 5.678092
   -3.5943744 15.534356 14.832058 -7.3307557 -15.339275 -4.808631)))